%~~CSR Matrix 1 with test Input 2
%Sparse matrix: 
 1.0000000  1.0000000  0.0000000 
 1.0000000  0.0000000  1.0000000 
 0.0000000  1.0000000  1.0000000 
% Col   Row                           Data
    0     0                            1.0
    1     0                            1.0
    0     1                            1.0
    1     1                            1.0
    0     2                            1.0
    1     2                            1.0
%Sparse matrix: 
 1.0000000  1.0000000  0.0000000 
 1.0000000  1.0000000  0.0000000 
 1.0000000  1.0000000  0.0000000 
%Vector: 
 3.0000000  4.0000000  5.0000000 
Is NOT symmetric!
%~~CSR Matrix 1
%Sparse matrix: 
 1.0000000  1.0000000  0.0000000 
 1.0000000  0.0000000  1.0000000 
 0.0000000  1.0000000  1.0000000 
%~~CSR Matrix 3
%Sparse matrix: 
 1.0000000  0.0000000  2.0000000  3.0000000 
 0.0000000  3.0000000  5.0000000  0.0000000 
 2.0000000  5.0000000  4.0000000  0.0000000 
%~~CSR Matrix 1 x CSR Matrix 3
%Sparse matrix: 
 1.0000000  3.0000000  7.0000000  3.0000000 
 3.0000000  5.0000000  6.0000000  3.0000000 
 2.0000000  8.0000000  9.0000000  0.0000000 
%~~CSR Matrix 1 x Matrix 3
%Sparse matrix: 
 1.0000000  3.0000000  7.0000000  3.0000000 
 3.0000000  5.0000000  6.0000000  3.0000000 
 2.0000000  8.0000000  9.0000000  0.0000000 
%~~Matrix 2 x Matrix 3
%Matrix: 
 1.0000000  3.0000000  7.0000000  3.0000000 
 3.0000000  5.0000000  6.0000000  3.0000000 
 2.0000000  8.0000000  9.0000000  0.0000000 
%~~CSR Matrix with Transpose of 1
%Sparse matrix: 
 1.0000000  1.0000000  0.0000000 
 1.0000000  1.0000000  0.0000000 
 1.0000000  1.0000000  0.0000000 
%~!CSR Matrix 2 data:
% Col   Row                           Data
    0     0                            1.0
    1     0                            1.0
    0     1                            1.0
    1     1                            1.0
    0     2                            1.0
    1     2                            1.0
%~~Vector result of CSR Matrix 1 times a random vector: 
%Vector: 
 3.0000000  4.0000000  5.0000000 
%~~Test matrix with input 3 is NOT symmetric!
%~~CSR Matrix 1 is symmetric!
%~~My Matrix 3 with random test input
%Matrix: 
 1.0000000  2.0000000  3.0000000  4.0000000 
 5.0000000  6.0000000  7.0000000  8.0000000 
 9.0000000 10.0000000 11.0000000 12.0000000 
13.0000000 14.0000000 15.0000000 16.0000000 
Can't do LU Factorization!
%~~My Matrix 2
%Matrix: 
 1.0000000  1.0000000  0.0000000 
 1.0000000  0.0000000  1.0000000 
 0.0000000  1.0000000  1.0000000 
%~~My matrix 2 QR Factorization
%Matrix: 
 0.7071068  0.4082483 -0.5773503 
 0.7071068 -0.4082483  0.5773503 
 0.0000000  0.8164966  0.5773503 
%Matrix: 
 1.4142136  0.7071068  0.7071068 
 0.0000000  1.2247449  0.4082483 
 0.0000000  0.0000000  1.1547005 
%~~Iteration Method with iteration CSR!
%Vector: 
 4.9546851  0.8942562 -10.2075383  3.1857146 
%~!File data data:
% Col   Row                           Data
    0     0                8.5333331637906
    1     0           -2.6645352591004E-15
    2     0              -0.71111122767129
    3     0             1.8543668239834E-8
    4     0               -2.4888887113993
    5     0            -1.8543666623072E-8
    6     0              -0.53333331478961
    7     0              -0.44444444444441
    8     0               0.17777776850593
    9     0            -1.3245476850748E-9
    0     1           -2.6645352591004E-15
    1     1                8.5333335028748
    2     1             1.8543668184323E-8
    3     1               -2.4888890663781
    4     1            -1.8543666671644E-8
    5     1              -0.71111099455089
    6     1              -0.44444444444441
    7     1              -0.53333335187694
    8     1             1.3245475861956E-9
    9     1               0.17777777910231
    0     2              -0.71111122767129
    1     2             1.8543668184323E-8
    2     2                 5.333333314789
    3     2            -2.6490956191692E-8
    4     2              -0.53333333465782
    5     2               0.44444444444446
    6     2               -1.1111110283266
    7     2            -1.2583202757543E-8
    8     2              0.044444442126477
    9     2             1.3245476859422E-9
   10     2               -0.7111112170749
   11     2             2.9140050275545E-8
   12     2              -0.17777775393593
   13     2            -5.2981908582606E-9
   14     2              -0.53333330021958
   15     2              -0.44444444311991
   16     2               0.19999998609222
   17     2               0.11111111160781
   18     2            -1.9868215267449E-9
   19     2              0.044444442126477
   20     2             1.3245476833401E-9
    0     3             1.8543668239834E-8
    1     3               -2.4888890663781
    2     3            -2.6490956191692E-8
    3     3                6.4000001854362
    4     3               0.44444444444436
    5     3              -0.53333333200873
    6     3            -1.2583202757543E-8
    7     3             -0.088888826635041
    8     3            3.3113690478884E-10
    9     3             -0.088888888888882
   10     3             2.9140050289422E-8
   11     3               -2.4888890451854
   12     3            -5.2981908790772E-9
   13     3               0.17777780161955
   14     3              -0.44444444311981
   15     3              -0.53333334260511
   16     3               0.11111111160779
   17     3               0.13333333134649
   18     3               0.13333333333333
   19     3            3.3113688700792E-10
   20     3             -0.088888888888882
    0     4               -2.4888887113993
    1     4            -1.8543666671644E-8
    2     4              -0.53333333465782
    3     4               0.44444444444436
    4     4                6.3999998145628
    5     4             2.6490950941552E-8
    6     4             -0.088888951142523
    7     4             1.2583203035099E-8
    8     4             -0.088888884915239
    9     4           -3.3113692734024E-10
   50     4               -2.4888887325921
   51     4            -2.9140047486109E-8
   52     4              -0.53333332406144
   53     4               -0.4444444457689
   54     4               0.17777775393583
   55     4             5.2981906015215E-9
   56     4               0.13333333532013
   57     4               0.11111111061438
   58     4               0.13333332737287
   59     4             -0.088888884915239
   60     4           -3.3113690435516E-10
    0     5            -1.8543666623072E-8
    1     5              -0.71111099455089
    2     5               0.44444444444446
    3     5              -0.53333333200873
    4     5             2.6490950941552E-8
    5     5                5.3333333518763
    6     5             1.2583202979588E-8
    7     5                -1.111111193895
    8     5            -1.3245476152522E-9
    9     5              0.044444444775573
   50     5            -2.9140047583254E-8
   51     5              -0.71111100514727
   52     5              -0.44444444576901
   53     5              -0.53333336644697
   54     5             5.2981906119298E-9
   55     5              -0.17777780161965
   56     5                0.1111111106144
   57     5               0.20000001390772
   58     5              1.986821387967E-9
   59     5            -1.3245476000734E-9
   60     5              0.044444444775573
    0     6              -0.53333331478961
    1     6              -0.44444444444441
    2     6               -1.1111110283266
    3     6            -1.2583202757543E-8
    4     6             -0.088888951142523
    5     6             1.2583202979588E-8
    6     6                3.7333332777016
    7     6           -1.6375789613221E-15
    8     6             -0.022222220732102
    9     6             -0.033333331512076
   10     6              -0.53333334657875
   11     6               0.44444444576896
   12     6               0.20000000099338
   13     6              -0.11111111061438
   14     6             -0.088888945844333
   15     6             1.7881394087649E-8
   16     6              -0.22222220732108
   17     6            -4.3047798936602E-9
   18     6             -0.033333332339919
   19     6             -0.022222221725513
   20     6               0.03333333217435
   50     6              -0.53333333068418
   51     6               0.44444444311986
   52     6                -1.111111038923
   53     6             -1.788139319947E-8
   54     6               0.13333333532013
   55     6              -0.11111111160781
   56     6               0.02222220980452
   57     6             4.3047799214158E-9
   58     6              0.033333332339919
   59     6             -0.022222221725512
   60     6               0.03333333217435
   61     6              -0.53333330949141
   62     6              -0.44444444444441
   63     6               0.19999998907245
   64     6               0.11111111227007
   65     6               0.13333333134649
   66     6               0.11111110995212
   67     6             -0.033333331760421
   68     6             -0.027777777777772
   69     6              0.033333331346508
   70     6             -0.022222220732102
   71     6             -0.033333331512076
    0     7              -0.44444444444441
    1     7              -0.53333335187694
    2     7            -1.2583202757543E-8
    3     7             -0.088888826635041
    4     7             1.2583203035099E-8
    5     7                -1.111111193895
    6     7           -1.6375789613221E-15
    7     7                3.7333333889636
    8     7             -0.033333333664466
    9     7             -0.022222222718923
   10     7               0.44444444576896
   11     7              -0.53333333598237
   12     7               -0.1111111106144
   13     7               0.13333333134649
   14     7             1.7881393976626E-8
   15     7               -1.1111111832987
   16     7            -4.3047798936602E-9
   17     7              0.022222234639789
   18     7              0.033333332836624
   19     7              0.033333333002192
   20     7             -0.022222221725513
   50     7               0.44444444311986
   51     7               -0.5333333200878
   52     7            -1.7881393088448E-8
   53     7             -0.088888831933232
   54     7              -0.11111111160779
   55     7               0.19999999900656
   56     7             4.3047799630491E-9
   57     7               -0.2222222371234
   58     7             -0.033333332836624
   59     7              0.033333333002192
   60     7             -0.022222221725513
   61     7              -0.44444444444441
   62     7              -0.53333335717513
   63     7               0.11111111227008
   64     7               0.13333333532013
   65     7               0.11111110995211
   66     7               0.20000001092749
   67     7             -0.027777777777772
   68     7             -0.033333334906222
   69     7              0.033333333830035
   70     7             -0.033333333664466
   71     7             -0.022222222718923
    0     8               0.17777776850593
    1     8             1.3245475861956E-9
    2     8              0.044444442126477
    3     8            3.3113690478884E-10
    4     8             -0.088888884915239
    5     8            -1.3245476152522E-9
    6     8             -0.022222220732102
    7     8             -0.033333333664466
    0     9            -1.3245476850748E-9
    1     9               0.17777777910231
    2     9             1.3245476859422E-9
    3     9             -0.088888888888882
    4     9           -3.3113692734024E-10
    5     9              0.044444444775573
    6     9             -0.033333331512076
    7     9             -0.022222222718923
    2    10               -0.7111112170749
    3    10             2.9140050289422E-8
    6    10              -0.53333334657875
    7    10               0.44444444576896
   10    10                8.5333332061761
   11    10            -4.2385530085731E-8
   12    10              -0.71111119588214
   13    10             3.9736432172477E-8
   14    10                -2.488888759083
   15    10            -2.3841857963586E-8
   16    10              -0.53333329094775
   17    10              -0.44444444179531
   18    10                            0.0
   19    10               0.17777776850593
   20    10            -3.9736430448162E-9
    2    11             2.9140050275545E-8
    3    11               -2.4888890451854
    6    11               0.44444444576896
    7    11              -0.53333333598237
   10    11            -4.2385530085731E-8
   11    11                8.5333334604893
   12    11             3.9736432245335E-8
   13    11               -2.4888890186944
   14    11            -2.3841857859502E-8
   15    11              -0.71111102634003
   16    11              -0.44444444179531
   17    11              -0.53333333598237
   18    11            1.7347234759768E-17
   19    11             1.3245476122164E-9
   20    11               0.17777777645322
    2    12              -0.17777775393593
    3    12            -5.2981908790772E-9
    6    12               0.20000000099338
    7    12               -0.1111111106144
   10    12              -0.71111119588214
   11    12             3.9736432245335E-8
   12    12                5.3333333452535
   13    12            -5.9604643875069E-8
   14    12              -0.53333336379787
   15    12               0.44444444709356
   16    12               -1.1111111730334
   17    12            -1.6722414564185E-8
   18    12             3.9736430500204E-9
   19    12              0.044444442126477
   20    12             2.6490953731854E-9
   21    12              -0.71111088328891
   22    12             4.5034617798812E-8
   23    12              -0.17777783738244
   24    12            -6.6227380836337E-9
   25    12              -0.53333330816687
   26    12              -0.44444444113309
   27    12               0.20000000662271
   28    12               0.11111111144224
   29    12            -3.9736430604287E-9
   30    12              0.044444448418079
   31    12             2.6490953736191E-9
    2    13            -5.2981908582606E-9
    3    13               0.17777780161955
    6    13              -0.11111111061438
    7    13               0.13333333134649
   10    13             3.9736432172477E-8
   11    13               -2.4888890186944
   12    13            -5.9604643875069E-8
   13    13                6.3999998807902
   14    13               0.44444444709345
   15    13              -0.53333334260511
   16    13            -1.6722414397652E-8
   17    13             -0.088888937234767
   18    13              -0.13333333134651
   19    13            3.3113691259509E-10
   20    13             -0.088888887564334
   21    13             4.5034617757178E-8
   22    13               -2.4888885445064
   23    13            -6.6227380801642E-9
   24    13               0.17777771817305
   25    13              -0.44444444113299
   26    13              -0.53333330684232
   27    13               0.11111111144223
   28    13               0.13333333664468
   29    13               0.13333333134651
   30    13            3.3113694078435E-10
   31    13             -0.088888887564334
    2    14              -0.53333330021958
    3    14              -0.44444444311981
    6    14             -0.088888945844333
    7    14             1.7881393976626E-8
   10    14                -2.488888759083
   11    14            -2.3841857859502E-8
   12    14              -0.53333336379787
   13    14               0.44444444709345
   14    14                6.3999998675447
   15    14             5.2981879473946E-9
   16    14              -0.08888893127431
   17    14             2.3179584862643E-8
   18    14              -0.13333332737287
   19    14             -0.088888884915239
   20    14           -9.9341076770926E-10
   52    14              -0.53333334260511
   53    14               0.44444444444436
   56    14               0.13333333796923
   57    14              -0.11111111227007
   61    14               -2.4888887802758
   62    14            -3.4438238760703E-8
   63    14              -0.53333330021958
   64    14              -0.44444444311981
   65    14               0.17777776188312
   66    14             7.9472860028962E-9
   67    14               0.13333332803512
   68    14               0.11111110928984
   69    14               0.13333332737287
   70    14             -0.088888884915239
   71    14            -9.934107373516E-10
    2    15              -0.44444444311991
    3    15              -0.53333334260511
    6    15             1.7881394087649E-8
    7    15               -1.1111111832987
   10    15            -2.3841857963586E-8
   11    15              -0.71111102634003
   12    15               0.44444444709356
   13    15              -0.53333334260511
   14    15             5.2981879473946E-9
   15    15                5.3333333465781
   16    15             2.3179584807131E-8
   17    15               -1.1111111680664
   18    15            -1.9868213992427E-9
   19    15            -1.3245475966039E-9
   20    15              0.044444444113299
   52    15               0.44444444444446
   53    15              -0.53333332406144
   56    15              -0.11111111227008
   57    15                0.1999999993377
   61    15            -3.4438238760703E-8
   62    15              -0.71111103693641
   63    15              -0.44444444311991
   64    15              -0.53333335055239
   65    15             7.9472860028962E-9
   66    15              -0.17777779367236
   67    15               0.11111110928985
   68    15                0.2000000082784
   69    15             1.9868213949059E-9
   70    15            -1.3245476035428E-9
   71    15              0.044444444113299
    2    16               0.19999998609222
    3    16               0.11111111160779
    6    16              -0.22222220732108
    7    16            -4.3047798936602E-9
   10    16              -0.53333329094775
   11    16              -0.44444444179531
   12    16               -1.1111111730334
   13    16            -1.6722414397652E-8
   14    16              -0.08888893127431
   15    16             2.3179584807131E-8
   16    16                3.7333333796918
   17    16            -1.6556844256721E-8
   18    16             -0.033333330849803
   19    16             -0.022222220235396
   20    16             -0.033333331180939
   21    16              -0.53333339426247
   22    16               0.44444444775578
   23    16               0.20000002814661
   24    16              -0.11111111077995
   25    16             -0.088888747162191
   26    16             2.5828678140716E-8
   27    16              -0.22222226692572
   28    16            -4.9670537266566E-9
   29    16             -0.033333337306972
   30    16              -0.02222222520245
   31    16              0.033333336975835
   52    16               0.20000000066225
   53    16              -0.11111110995211
   56    16             -0.033333334243948
   57    16              0.027777777777772
   61    16              -0.53333335982423
   62    16               0.44444444576896
   63    16               -1.1111111783316
   64    16            -2.2020605228157E-8
   65    16               0.13333334128059
   66    16              -0.11111111293235
   67    16               0.02222223588155
   68    16              6.374385672081E-9
   69    16              0.033333332836624
   70    16             -0.022222222222218
   71    16              0.033333332505487
   72    16              -0.53333331478961
   73    16              -0.44444444245759
   74    16                0.2000000082784
   75    16                0.1111111121045
   76    16               0.13333332008783
   77    16               0.11111110895871
   78    16             -0.033333332505479
   79    16             -0.027777777694988
   80    16              0.033333335320151
   81    16             -0.022222223215629
   82    16             -0.033333335651288
    2    17               0.11111111160781
    3    17               0.13333333134649
    6    17            -4.3047798936602E-9
    7    17              0.022222234639789
   10    17              -0.44444444179531
   11    17              -0.53333333598237
   12    17            -1.6722414564185E-8
   13    17             -0.088888937234767
   14    17             2.3179584862643E-8
   15    17               -1.1111111680664
   16    17            -1.6556844256721E-8
   17    17                3.7333332869735
   18    17             -0.033333333333329
   19    17             -0.033333333167761
   20    17             -0.022222222387786
   21    17               0.44444444775578
   22    17               -0.5333333200878
   23    17              -0.11111111077996
   24    17               0.13333333995605
   25    17             2.5828678140716E-8
   26    17               -1.1111109250119
   27    17            -4.9670537544122E-9
   28    17              0.022222184969252
   29    17              0.033333332339919
   30    17              0.033333332505487
   31    17             -0.022222221394376
   52    17              -0.11111110995212
   53    17               0.13333332869739
   56    17              0.027777777777772
   57    17             -0.033333332422695
   61    17               0.44444444576896
   62    17              -0.53333333068418
   63    17            -2.2020605061623E-8
   64    17             -0.088888939883864
   65    17              -0.11111111293234
   66    17               0.19999999999997
   67    17             6.3743856443255E-9
   68    17              -0.22222220583096
   69    17             -0.033333332339919
   70    17              0.033333332505487
   71    17             -0.022222221394376
   72    17              -0.44444444245759
   73    17               -0.5333333200878
   74    17               0.11111111210451
   75    17               0.13333333995605
   76    17                0.1111111089587
   77    17               0.19999998642336
   78    17             -0.027777777694988
   79    17             -0.033333332919401
   80    17              0.033333333333329
   81    17             -0.033333333167761
   82    17             -0.022222222387786
    2    18            -1.9868215267449E-9
    3    18               0.13333333333333
    6    18             -0.033333332339919
    7    18              0.033333332836624
   10    18                            0.0
   11    18            1.7347234759768E-17
   12    18             3.9736430500204E-9
   13    18              -0.13333333134651
   14    18              -0.13333332737287
   15    18            -1.9868213992427E-9
   16    18             -0.033333330849803
   17    18             -0.033333333333329
    2    19              0.044444442126477
    3    19            3.3113688700792E-10
    6    19             -0.022222221725513
    7    19              0.033333333002192
   10    19               0.17777776850593
   11    19             1.3245476122164E-9
   12    19              0.044444442126477
   13    19            3.3113691259509E-10
   14    19             -0.088888884915239
   15    19            -1.3245475966039E-9
   16    19             -0.022222220235396
   17    19             -0.033333333167761
    2    20             1.3245476833401E-9
    3    20             -0.088888888888882
    6    20               0.03333333217435
    7    20             -0.022222221725513
   10    20            -3.9736430448162E-9
   11    20               0.17777777645322
   12    20             2.6490953731854E-9
   13    20             -0.088888887564334
   14    20           -9.9341076770926E-10
   15    20              0.044444444113299
   16    20             -0.033333331180939
   17    20             -0.022222222387786
   12    21              -0.71111088328891
   13    21             4.5034617757178E-8
   16    21              -0.53333339426247
   17    21               0.44444444775578
   21    21                8.5333336512242
   22    21            -6.3578279557719E-8
   23    21              -0.71111086209614
   24    21             4.5034617840445E-8
   25    21               -2.4888892465166
   26    21            -2.6490954343345E-8
   27    21              -0.53333331214051
   28    21              -0.44444444113304
   29    21            1.0408340855861E-17
   30    21               0.17777779367234
   31    21            -5.2981907628508E-9
   12    22             4.5034617798812E-8
   13    22               -2.4888885445064
   16    22               0.44444444775578
   17    22               -0.5333333200878
   21    22            -6.3578279557719E-8
   22    22                8.5333330154413
   23    22             4.5034617847384E-8
   24    22               -2.4888885180154
   25    22             -2.649095430865E-8
   26    22              -0.71111134952966
   27    22              -0.44444444113304
   28    22              -0.53333330684232
   29    22           -2.7755575615629E-17
   30    22             1.3245477683416E-9
   31    22               0.17777777380412
   12    23              -0.17777783738244
   13    23            -6.6227380801642E-9
   16    23               0.20000002814661
   17    23              -0.11111111077996
   21    23              -0.71111086209614
   22    23             4.5034617847384E-8
   23    23                5.3333333611481
   24    23            -5.9604641684981E-8
   25    23              -0.53333339823612
   26    23               0.44444444775583
   27    23               -1.1111112429033
   28    23            -1.6722414619696E-8
   29    23             3.9736430760412E-9
   30    23              0.044444448418079
   31    23             2.6490953879306E-9
   32    23              -0.71111102634003
   33    23              3.973643014632E-8
   34    23              -0.17777780161965
   35    23            -5.2981906015215E-9
   36    23              -0.53333330286868
   37    23              -0.44444444179537
   38    23               0.19999999900656
   39    23               0.11111111160781
   40    23            -3.9736430951232E-9
   41    23              0.044444444775573
   42    23             2.6490953874969E-9
   12    24            -6.6227380836337E-9
   13    24               0.17777771817305
   16    24              -0.11111111077995
   17    24               0.13333333995605
   21    24             4.5034617840445E-8
   22    24               -2.4888885180154
   23    24            -5.9604641684981E-8
   24    24                6.3999997218445
   25    24               0.44444444775573
   26    24               -0.5333333200878
   27    24            -1.6722414564185E-8
   28    24             -0.088888989554403
   29    24              -0.13333332935969
   30    24            3.3113695726422E-10
   31    24             -0.088888886239786
   32    24             3.9736430174075E-8
   33    24                -2.488888759083
   34    24            -5.2981906015215E-9
   35    24               0.17777775393583
   36    24              -0.44444444179526
   37    24              -0.53333332406144
   38    24               0.11111111160779
   39    24               0.13333333532013
   40    24               0.13333332935969
   41    24            3.3113689741626E-10
   42    24             -0.088888886239786
   12    25              -0.53333330816687
   13    25              -0.44444444113299
   16    25             -0.088888747162191
   17    25             2.5828678140716E-8
   21    25               -2.4888892465166
   22    25             -2.649095430865E-8
   23    25              -0.53333339823612
   24    25               0.44444444775573
   25    25                6.4000003973638
   26    25            -5.2981831274654E-9
   27    25             -0.088888732592163
   28    25             2.5828678029694E-8
   29    25              -0.13333334525426
   30    25             -0.088888896836168
   31    25            -1.3245477071926E-9
   63    25              -0.53333338763973
   64    25               0.44444444643118
   67    25               0.13333333664468
   68    25              -0.11111111326348
   72    25               -2.4888892465166
   73    25            -3.7087336091091E-8
   74    25              -0.53333331876325
   75    25              -0.44444444245754
   76    25               0.17777783738233
   77    25             9.2718336827669E-9
   78    25               0.13333332008783
   79    25                0.1111111089587
   80    25               0.13333334525426
   81    25             -0.088888896836168
   82    25            -1.3245476174206E-9
   12    26              -0.44444444113309
   13    26              -0.53333330684232
   16    26             2.5828678140716E-8
   17    26               -1.1111109250119
   21    26            -2.6490954343345E-8
   22    26              -0.71111134952966
   23    26               0.44444444775583
   24    26               -0.5333333200878
   25    26            -5.2981831274654E-9
   26    26                5.3333332935962
   27    26             2.5828678140716E-8
   28    26               -1.1111109097796
   29    26            -1.9868216750638E-9
   30    26             -1.324547781352E-9
   31    26              0.044444443451025
   63    26               0.44444444643128
   64    26              -0.53333330684232
   67    26              -0.11111111326349
   68    26               0.19999997980062
   72    26            -3.7087336202113E-8
   73    26              -0.71111134952966
   74    26              -0.44444444245764
   75    26               -0.5333333200878
   76    26             9.2718336792974E-9
   77    26              -0.17777771817315
   78    26               0.11111110895871
   79    26               0.19999998542995
   80    26             1.9868216794006E-9
   81    26            -1.3245477839541E-9
   82    26              0.044444443451025
   12    27               0.20000000662271
   13    27               0.11111111144223
   16    27              -0.22222226692572
   17    27            -4.9670537544122E-9
   21    27              -0.53333331214051
   22    27              -0.44444444113304
   23    27               -1.1111112429033
   24    27            -1.6722414564185E-8
   25    27             -0.088888732592163
   26    27             2.5828678140716E-8
   27    27                 3.733333426051
   28    27             -1.655684250812E-8
   29    27             -0.033333335320151
   30    27             -0.022222223215629
   31    27             -0.033333335651288
   32    27               -0.5333333757188
   33    27                0.4444444470935
   34    27               0.20000001390772
   35    27              -0.11111111061438
   36    27             -0.088888846503258
   37    27             2.3179584307531E-8
   38    27               -0.2222222371234
   39    27             -4.304780101827E-9
   40    27              -0.03333333432674
   41    27             -0.022222223215629
   42    27              0.033333333995603
   63    27               0.20000002649093
   64    27              -0.11111111011768
   67    27             -0.033333336644691
   68    27              0.027777777860556
   72    27              -0.53333339161338
   73    27               0.44444444643123
   74    27               -1.1111112376051
   75    27            -2.2020605228157E-8
   76    27               0.13333333664468
   77    27              -0.11111111326349
   78    27              0.022222245815658
   79    27              6.374385672081E-9
   80    27              0.033333337306972
   81    27              -0.02222222520245
   82    27              0.033333336975835
   83    27              -0.53333330684232
   84    27              -0.44444444311986
   85    27                0.1999999993377
   86    27               0.11111111227007
   87    27               0.13333332538602
   88    27               0.11111110928985
   89    27             -0.033333332422695
   90    27             -0.027777777777772
   91    27              0.033333332339919
   92    27             -0.022222221228807
   93    27             -0.033333332671056
   12    28               0.11111111144224
   13    28               0.13333333664468
   16    28            -4.9670537266566E-9
   17    28              0.022222184969252
   21    28              -0.44444444113304
   22    28              -0.53333330684232
   23    28            -1.6722414619696E-8
   24    28             -0.088888989554403
   25    28             2.5828678029694E-8
   26    28               -1.1111109097796
   27    28             -1.655684250812E-8
   28    28                3.7333332406143
   29    28             -0.033333332836624
   30    28             -0.033333332671056
   31    28             -0.022222222056649
   32    28                0.4444444470935
   33    28              -0.53333333068418
   34    28               -0.1111111106144
   35    28               0.13333333532013
   36    28             2.3179584363042E-8
   37    28               -1.1111110541553
   38    28            -4.3047801295826E-9
   39    28              0.022222209804519
   40    28              0.033333331843213
   41    28              0.033333332008782
   42    28             -0.022222221063239
   63    28              -0.11111111011769
   64    28               0.13333333664468
   67    28              0.027777777860556
   68    28             -0.033333331263716
   72    28               0.44444444643123
   73    28              -0.53333330684233
   74    28             -2.202060539469E-8
   75    28             -0.088888986905307
   76    28              -0.11111111326348
   77    28               0.19999997880721
   78    28             6.3743856859588E-9
   79    28              -0.22222219391003
   80    28             -0.033333331843213
   81    28              0.033333332008782
   82    28             -0.022222221063239
   83    28              -0.44444444311986
   84    28              -0.53333333598237
   85    28               0.11111111227008
   86    28               0.13333333796923
   87    28               0.11111110928984
   88    28               0.19999999999997
   89    28             -0.027777777777772
   90    28             -0.033333334243948
   91    28              0.033333332836624
   92    28             -0.033333332671056
   93    28             -0.022222222056649
   12    29            -3.9736430604287E-9
   13    29               0.13333333134651
   16    29             -0.033333337306972
   17    29              0.033333332339919
   21    29            1.0408340855861E-17
   22    29           -2.7755575615629E-17
   23    29             3.9736430760412E-9
   24    29              -0.13333332935969
   25    29              -0.13333334525426
   26    29            -1.9868216750638E-9
   27    29             -0.033333335320151
   28    29             -0.033333332836624
   12    30              0.044444448418079
   13    30            3.3113694078435E-10
   16    30              -0.02222222520245
   17    30              0.033333332505487
   21    30               0.17777779367234
   22    30             1.3245477683416E-9
   23    30              0.044444448418079
   24    30            3.3113695726422E-10
   25    30             -0.088888896836168
   26    30             -1.324547781352E-9
   27    30             -0.022222223215629
   28    30             -0.033333332671056
   12    31             2.6490953736191E-9
   13    31             -0.088888887564334
   16    31              0.033333336975835
   17    31             -0.022222221394376
   21    31            -5.2981907628508E-9
   22    31               0.17777777380412
   23    31             2.6490953879306E-9
   24    31             -0.088888886239786
   25    31            -1.3245477071926E-9
   26    31              0.044444443451025
   27    31             -0.033333335651288
   28    31             -0.022222222056649
   23    32              -0.71111102634003
   24    32             3.9736430174075E-8
   27    32               -0.5333333757188
   28    32                0.4444444470935
   32    32                8.5333334604893
   33    32            -4.2385524756661E-8
   34    32              -0.71111100514728
   35    32             2.9140048315307E-8
   36    32               -2.4888890186944
   37    32            -2.3841858588086E-8
   38    32              -0.53333332008779
   39    32              -0.44444444311986
   40    32           -3.4694469519536E-17
   41    32               0.17777777910231
   42    32            -3.9736430309384E-9
   23    33              3.973643014632E-8
   24    33                -2.488888759083
   27    33                0.4444444470935
   28    33              -0.53333333068418
   32    33            -4.2385524756661E-8
   33    33                8.5333332061761
   34    33             2.9140048315307E-8
   35    33               -2.4888887325921
   36    33            -2.3841858712986E-8
   37    33              -0.71111119588214
   38    33              -0.44444444311986
   39    33              -0.53333333068418
   40    33           -3.4694469519536E-18
   41    33             1.3245476469109E-9
   42    33               0.17777777115502
   23    34              -0.17777780161965
   24    34            -5.2981906015215E-9
   27    34               0.20000001390772
   28    34               -0.1111111106144
   32    34              -0.71111100514728
   33    34             2.9140048315307E-8
   34    34                5.3333333518763
   35    34            -2.6490952671938E-8
   36    34              -0.53333336644697
   37    34               0.44444444576901
   38    34                -1.111111193895
   39    34            -1.2583203257144E-8
   40    34             1.9868215189386E-9
   41    34              0.044444444775573
   42    34              1.324547660355E-9
   43    34               -0.7111109945509
   44    34             1.8543667268389E-8
   45    34              -0.53333333200872
   46    34              -0.44444444444446
   47    34            -1.9868214504171E-9
   48    34              0.044444444775572
   49    34             1.3245476521151E-9
   23    35            -5.2981906015215E-9
   24    35               0.17777775393583
   27    35              -0.11111111061438
   28    35               0.13333333532013
   32    35             2.9140048315307E-8
   33    35               -2.4888887325921
   34    35            -2.6490952671938E-8
   35    35                6.3999998145628
   36    35                0.4444444457689
   37    35              -0.53333332406144
   38    35            -1.2583203257144E-8
   39    35             -0.088888951142521
   40    35              -0.13333332737287
   41    35             3.311368987173E-10
   42    35             -0.088888884915239
   43    35             1.8543667296145E-8
   44    35               -2.4888887113993
   45    35              -0.44444444444436
   46    35              -0.53333333465782
   47    35               0.13333332737287
   48    35            3.3113692864128E-10
   49    35             -0.088888884915239
   23    36              -0.53333330286868
   24    36              -0.44444444179526
   27    36             -0.088888846503258
   28    36             2.3179584363042E-8
   32    36               -2.4888890186944
   33    36            -2.3841858712986E-8
   34    36              -0.53333336644697
   35    36                0.4444444457689
   36    36                6.4000001324543
   37    36             5.2981913561262E-9
   38    36             -0.088888831933229
   39    36             1.7881393532537E-8
   40    36              -0.13333333333333
   41    36             -0.088888888888882
   42    36           -9.9341077378079E-10
   74    36              -0.53333336644697
   75    36                0.4444444457689
   78    36                0.1333333386315
