%``````````````Pretask``````````````%
%~~~~~~~~~~~~~~~~~~CSR and Transpose Time Vector~~~~~~~~~~~~~~~~~~%

%~~CSR Matrix 1
%Sparse matrix: 
 1.0000000  2.0000000  0.0000000  3.0000000 
 0.0000000  5.0000000  6.0000000  4.0000000 
 7.0000000  0.0000000  9.0000000  6.0000000 
 0.0000000  0.0000000  0.0000000  0.0000000 

%~~Matrix 1
%Matrix: 
 1.0000000  2.0000000  0.0000000  3.0000000 
 0.0000000  5.0000000  6.0000000  4.0000000 
 7.0000000  0.0000000  9.0000000  6.0000000 
 0.0000000  0.0000000  0.0000000  0.0000000 

%~~Vector 1
%Vector: 
 4.0000000  5.0000000  3.0000000  1.0000000 

%~~CSR 1 x Vector 1
%Vector: 
17.0000000 47.0000000 61.0000000  0.0000000 

%~~Matrix 1 x Vector 1
%Vector: 
17.0000000 47.0000000 61.0000000  0.0000000 

%CSR x Vector Test Passed!!!

%~~CSR 1^T
%Sparse matrix: 
 1.0000000  0.0000000  7.0000000  0.0000000 
 2.0000000  5.0000000  0.0000000  0.0000000 
 0.0000000  6.0000000  9.0000000  0.0000000 
 3.0000000  4.0000000  6.0000000  0.0000000 

%~~Matrix 1^T
%Matrix: 
 1.0000000  0.0000000  7.0000000  0.0000000 
 2.0000000  5.0000000  0.0000000  0.0000000 
 0.0000000  6.0000000  9.0000000  0.0000000 
 3.0000000  4.0000000  6.0000000  0.0000000 

%~~CSR^T 1 x Vector 1
%Vector: 
25.0000000 33.0000000 57.0000000 50.0000000 

%~~Matrix^T 1 x Vector 1
%Vector: 
25.0000000 33.0000000 57.0000000 50.0000000 

%CSR^T x Vector Test Passed!!!
%~~~~~~~~~~~~~~~~~~CSR and Transpose Time Vector~~~~~~~~~~~~~~~~~~%

%~~~~~~~~~~~~~~~~~~CSR Multiplication~~~~~~~~~~~~~~~~~~%

%~~CSR 1
%Sparse matrix: 
 1.0000000  1.0000000  0.0000000  4.0000000 
 1.0000000  0.0000000  1.0000000  5.0000000 
 0.0000000  1.0000000 11.0000000  9.0000000 

%~~CSR 2
%Sparse matrix: 
 1.0000000  0.0000000  2.0000000  3.0000000 
 0.0000000  3.0000000  5.0000000  0.0000000 
 2.0000000  5.0000000  4.0000000  0.0000000 
 1.0000000  2.0000000  5.0000000 99.0000000 

%~~Matrix 1
%Matrix: 
 1.0000000  1.0000000  0.0000000  4.0000000 
 1.0000000  0.0000000  1.0000000  5.0000000 
 0.0000000  1.0000000 11.0000000  9.0000000 

%~~Matrix 2
%Matrix: 
 1.0000000  0.0000000  2.0000000  3.0000000 
 0.0000000  3.0000000  5.0000000  0.0000000 
 2.0000000  5.0000000  4.0000000  0.0000000 
 1.0000000  2.0000000  5.0000000 99.0000000 

%~~CSR 1 x CSR 2
%Sparse matrix: 
 5.0000000 11.0000000 27.0000000 399.0000000 
 8.0000000 15.0000000 31.0000000 498.0000000 
31.0000000 76.0000000 94.0000000 891.0000000 

%~~Matrix 1 x Matrix 2
%Matrix: 
 5.0000000 11.0000000 27.0000000 399.0000000 
 8.0000000 15.0000000 31.0000000 498.0000000 
31.0000000 76.0000000 94.0000000 891.0000000 

%Test Passed!!!
%~~~~~~~~~~~~~~~~~~CSR Multiplication~~~~~~~~~~~~~~~~~~%

